! $Header: /cvs/xtest/xtest/xts5/tset/Xlib9/XPutImage/a31.dat,v 1.1 2005-02-12 14:37:43 anderson Exp $
100 90 32
2328,0
100 90 32
1
2327,0
100 90 32
2
2327,0
100 90 32
3
2327,0
100 90 32
4
2327,0
100 90 32
6
2327,0
100 90 32
7
2327,0
100 90 32
10
2327,0
100 90 32
33
2327,0
100 90 32
81
2327,0
100 90 32
a3
2327,0
100 90 32
ff
2327,0
100 90 32
100
2327,0
100 90 32
12c
2327,0
100 90 32
3e8
2327,0
100 90 32
111111
2327,0
100 90 32
400200
2327,0
100 90 32
777777
2327,0
100 90 32
1
2327,0
100 90 32
2
2327,0
100 90 32
3
2327,0
100 90 32
4
2327,0
100 90 32
6
2327,0
100 90 32
7
2327,0
100 90 32
10
2327,0
100 90 32
33
2327,0
100 90 32
81
2327,0
100 90 32
a3
2327,0
100 90 32
ff
2327,0
100 90 32
100
2327,0
100 90 32
12c
2327,0
100 90 32
3e8
2327,0
100 90 32
111111
2327,0
100 90 32
400200
2327,0
100 90 32
777777
2327,0
