! $Header: /cvs/xtest/xtest/xts5/tset/Xlib9/XDrawRectangles/a78.dat,v 1.1 2005-02-12 14:37:39 anderson Exp $
100 90 32
3fc,0
8,1
8,0
8,1
8,0
8,1
8,0
1
63,0
1
63,0
1
63,0
1
33,0
1
2f,0
1
33,0
1
2f,0
1
33,0
1
2f,0
1
33,0
1
2f,0
1
33,0
1
63,0
1
63,0
1
63,0
1
223,0
1
63,0
1
63,0
1
63,0
1
33,0
1
9,0
8,1
8,0
5,1
11,0
1
33,0
1
1d,0
1
11,0
1
33,0
1
1d,0
1
11,0
1
33,0
1
1d,0
1
11,0
1
33,0
1
63,0
1
63,0
1
63,0
1
6d,0
1
63,0
1
63,0
1
63,0
1
63,0
4,1
8,0
8,1
12,0
1
63,0
1
63,0
1
63,0
1
33,0
1
2f,0
1
33,0
1
2f,0
1
33,0
1
2f,0
1
33,0
1
2f,0
1
33,0
1
63,0
1
63,0
1
63,0
1
223,0
1
63,0
1
63,0
1
63,0
1
33,0
1
2f,0
1
33,0
1
2f,0
1
33,0
1
2f,0
1
33,0
1
2f,0
1
33,0
1
63,0
1
63,0
1
63,0
1
223,0
1
63,0
1
63,0
1
63,0
1
33,0
1
2f,0
1
33,0
1
2f,0
1
33,0
6,1
8,0
8,1
8,0
8,1
8,0
3,1
3a3,0
