! $Header: /cvs/xtest/xtest/xts5/tset/Xlib9/drwrctngl/a4.dat,v 1.1 2005-02-12 14:37:38 anderson Exp $
100 90 32
2c6,0
3d,1
27,0
1
3b,0
1
27,0
1
3b,0
1
27,0
1
3b,0
1
27,0
1
3b,0
1
27,0
1
3b,0
1
27,0
1
3b,0
1
27,0
1
3b,0
1
27,0
1
3b,0
1
27,0
1
3b,0
1
27,0
1
3b,0
1
27,0
1
3b,0
1
27,0
1
3b,0
1
27,0
1
3b,0
1
27,0
1
3b,0
1
27,0
1
3b,0
1
27,0
1
3b,0
1
27,0
1
3b,0
1
27,0
1
3b,0
1
27,0
1
3b,0
1
27,0
1
3b,0
1
27,0
1
3b,0
1
27,0
1
3b,0
1
27,0
1
3b,0
1
27,0
1
3b,0
1
27,0
1
3b,0
1
27,0
1
3b,0
1
27,0
1
3b,0
1
27,0
1
3b,0
1
27,0
1
3b,0
1
27,0
1
3b,0
1
27,0
1
3b,0
1
27,0
1
3b,0
1
27,0
1
3b,0
1
27,0
3d,1
12dd,0
