! $Header: /cvs/xtest/xtest/xts5/tset/Xlib9/drwrctngl/a76.dat,v 1.1 2005-02-12 14:37:38 anderson Exp $
100 90 32
7e4,0
8,1
8,0
8,1
8,0
8,1
8,0
3,1
31,0
1
31,0
1
31,0
1
31,0
1
31,0
1
31,0
1
31,0
1
31,0
1
31,0
1
31,0
1
31,0
1
63,0
1
2ed,0
1
63,0
1
31,0
1
31,0
1
31,0
1
31,0
1
31,0
1
31,0
1
31,0
1
31,0
1
31,0
1
31,0
1
31,0
1
31,0
1
31,0
1
63,0
1
2ed,0
1
63,0
1
31,0
1
31,0
1
31,0
1
31,0
1
31,0
1
31,0
1
31,0
1
31,0
1
31,0
1
31,0
1
31,0
1
31,0
1
31,0
1
63,0
1
2ed,0
1
63,0
1
31,0
1
31,0
1
31,0
1
31,0
1
31,0
6,1
8,0
8,1
8,0
8,1
8,0
5,1
789,0
