! $Header: /cvs/xtest/xtest/xts5/tset/Xlib4/XSetWindowBorderPixmap/a2.dat,v 1.1 2005-02-12 14:37:34 anderson Exp $
100 90 32
17a2,0
1
6,0
1
6,0
1
6,0
1
6,0
1
48,0
1
6,0
1
6,0
1
6,0
1
6,0
1
48,0
1
0
1
0
1
2,0
1
0
1
0
1
2,0
1
0
1
0
1
2,0
1
0
1
0
1
48,0
2,1
2,0
1
2,0
2,1
2,0
1
2,0
2,1
2,0
1
2,0
2,1
2,0
1
2,0
2,1
49,0
3,1
4,0
3,1
4,0
3,1
4,0
3,1
49,0
2,1
2,0
1
14,0
1
2,0
2,1
48,0
1
0
1
14,0
1
0
1
48,0
1
1b,0
1
48,0
1
1b,0
1
48,0
1
0
1
14,0
1
0
1
48,0
2,1
2,0
1
14,0
1
2,0
2,1
49,0
2,1
14,0
2,1
49,0
2,1
2,0
1
14,0
1
2,0
2,1
48,0
1
0
1
14,0
1
0
1
48,0
1
1b,0
1
48,0
1
1b,0
1
48,0
1
0
1
14,0
1
0
1
48,0
2,1
2,0
1
14,0
1
2,0
2,1
49,0
2,1
14,0
2,1
49,0
2,1
2,0
1
14,0
1
2,0
2,1
48,0
1
0
1
14,0
1
0
1
48,0
1
1b,0
1
48,0
1
1b,0
1
48,0
1
0
1
14,0
1
0
1
48,0
2,1
2,0
1
14,0
1
2,0
2,1
49,0
3,1
4,0
3,1
4,0
3,1
4,0
3,1
49,0
2,1
2,0
1
2,0
2,1
2,0
1
2,0
2,1
2,0
1
2,0
2,1
2,0
1
2,0
2,1
48,0
1
0
1
0
1
2,0
1
0
1
0
1
2,0
1
0
1
0
1
2,0
1
0
1
0
1
48,0
1
6,0
1
6,0
1
6,0
1
6,0
1
48,0
1
6,0
1
6,0
1
6,0
1
6,0
1
14,0
