! $Header: /cvs/xtest/xtest/xts5/tset/Xlib9/XDrawRectangle/a41.dat,v 1.1 2005-02-12 14:37:38 anderson Exp $
100 90 32
71a,0
10,1
e,0
e,1
38,0
10,1
e,0
e,1
38,0
10,1
e,0
e,1
38,0
10,1
e,0
e,1
38,0
4,1
60,0
4,1
15a,0
4,1
60,0
4,1
60,0
4,1
60,0
4,1
60,0
4,1
60,0
4,1
60,0
4,1
60,0
4,1
60,0
4,1
60,0
4,1
60,0
4,1
60,0
4,1
2e,0
4,1
2e,0
4,1
2e,0
4,1
2e,0
4,1
2e,0
4,1
60,0
4,1
60,0
4,1
60,0
4,1
60,0
4,1
60,0
4,1
60,0
4,1
60,0
4,1
60,0
4,1
60,0
4,1
60,0
4,1
60,0
4,1
15a,0
4,1
60,0
4,1
60,0
4,1
60,0
4,1
60,0
4,1
60,0
4,1
60,0
4,1
60,0
4,1
60,0
4,1
60,0
4,1
60,0
4,1
60,0
4,1
2e,0
4,1
2e,0
4,1
2e,0
4,1
2e,0
4,1
2e,0
c,1
e,0
e,1
3c,0
c,1
e,0
e,1
3c,0
c,1
e,0
e,1
3c,0
c,1
e,0
e,1
732,0
100 90 32
71a,0
10,1
e,0
e,1
38,0
10,1
e,0
e,1
38,0
10,1
e,0
e,1
38,0
10,1
e,0
e,1
38,0
10,1
e,0
e,1
38,0
5,1
159,0
5,1
5f,0
5,1
5f,0
5,1
5f,0
5,1
5f,0
5,1
5f,0
5,1
5f,0
5,1
5f,0
5,1
5f,0
5,1
5f,0
5,1
5f,0
5,1
5f,0
5,1
2d,0
5,1
2d,0
5,1
2d,0
5,1
2d,0
5,1
2d,0
5,1
5f,0
5,1
5f,0
5,1
5f,0
5,1
5f,0
5,1
5f,0
5,1
5f,0
5,1
5f,0
5,1
5f,0
5,1
5f,0
5,1
5f,0
5,1
5f,0
5,1
159,0
5,1
5f,0
5,1
5f,0
5,1
5f,0
5,1
5f,0
5,1
5f,0
5,1
5f,0
5,1
5f,0
5,1
5f,0
5,1
5f,0
5,1
5f,0
5,1
5f,0
5,1
2d,0
5,1
2d,0
5,1
2d,0
5,1
2d,0
5,1
2d,0
c,1
e,0
e,1
3c,0
c,1
e,0
e,1
3c,0
c,1
e,0
e,1
3c,0
c,1
e,0
e,1
3c,0
c,1
e,0
e,1
6ce,0
100 90 32
71a,0
10,1
e,0
e,1
38,0
10,1
e,0
e,1
38,0
10,1
e,0
e,1
38,0
10,1
e,0
e,1
38,0
10,1
e,0
e,1
38,0
5,1
159,0
5,1
5f,0
5,1
5f,0
5,1
5f,0
5,1
5f,0
5,1
5f,0
5,1
5f,0
5,1
5f,0
5,1
5f,0
5,1
5f,0
5,1
5f,0
5,1
5f,0
5,1
2d,0
5,1
2d,0
5,1
2d,0
5,1
2d,0
5,1
2d,0
5,1
5f,0
5,1
5f,0
5,1
5f,0
5,1
5f,0
5,1
5f,0
5,1
5f,0
5,1
5f,0
5,1
5f,0
5,1
5f,0
5,1
5f,0
5,1
5f,0
5,1
159,0
5,1
5f,0
5,1
5f,0
5,1
5f,0
5,1
5f,0
5,1
5f,0
5,1
5f,0
5,1
5f,0
5,1
5f,0
5,1
5f,0
5,1
5f,0
5,1
5f,0
5,1
2d,0
5,1
2d,0
5,1
2d,0
5,1
2d,0
5,1
2d,0
c,1
e,0
e,1
3c,0
c,1
e,0
e,1
3c,0
c,1
e,0
e,1
3c,0
c,1
e,0
e,1
3c,0
c,1
e,0
e,1
6ce,0
100 90 32
71a,0
10,1
e,0
e,1
38,0
10,1
e,0
e,1
38,0
10,1
e,0
e,1
38,0
10,1
e,0
e,1
38,0
4,1
60,0
4,1
15a,0
4,1
60,0
4,1
60,0
4,1
60,0
4,1
60,0
4,1
60,0
4,1
60,0
4,1
60,0
4,1
60,0
4,1
60,0
4,1
60,0
4,1
60,0
4,1
2e,0
4,1
2e,0
4,1
2e,0
4,1
2e,0
4,1
2e,0
4,1
60,0
4,1
60,0
4,1
60,0
4,1
60,0
4,1
60,0
4,1
60,0
4,1
60,0
4,1
60,0
4,1
60,0
4,1
60,0
4,1
60,0
4,1
15a,0
4,1
60,0
4,1
60,0
4,1
60,0
4,1
60,0
4,1
60,0
4,1
60,0
4,1
60,0
4,1
60,0
4,1
60,0
4,1
60,0
4,1
60,0
4,1
2e,0
4,1
2e,0
4,1
2e,0
4,1
2e,0
4,1
2e,0
c,1
e,0
e,1
3c,0
c,1
e,0
e,1
3c,0
c,1
e,0
e,1
3c,0
c,1
e,0
e,1
732,0
100 90 32
71a,0
10,1
e,0
e,1
38,0
10,1
e,0
e,1
38,0
10,1
e,0
e,1
38,0
10,1
e,0
e,1
38,0
10,1
e,0
e,1
38,0
5,1
159,0
5,1
5f,0
5,1
5f,0
5,1
5f,0
5,1
5f,0
5,1
5f,0
5,1
5f,0
5,1
5f,0
5,1
5f,0
5,1
5f,0
5,1
5f,0
5,1
5f,0
5,1
2d,0
5,1
2d,0
5,1
2d,0
5,1
2d,0
5,1
2d,0
5,1
5f,0
5,1
5f,0
5,1
5f,0
5,1
5f,0
5,1
5f,0
5,1
5f,0
5,1
5f,0
5,1
5f,0
5,1
5f,0
5,1
5f,0
5,1
5f,0
5,1
159,0
5,1
5f,0
5,1
5f,0
5,1
5f,0
5,1
5f,0
5,1
5f,0
5,1
5f,0
5,1
5f,0
5,1
5f,0
5,1
5f,0
5,1
5f,0
5,1
5f,0
5,1
2d,0
5,1
2d,0
5,1
2d,0
5,1
2d,0
5,1
2d,0
c,1
e,0
e,1
3c,0
c,1
e,0
e,1
3c,0
c,1
e,0
e,1
3c,0
c,1
e,0
e,1
3c,0
c,1
e,0
e,1
6ce,0
100 90 32
71a,0
10,1
e,0
e,1
38,0
10,1
e,0
e,1
38,0
10,1
e,0
e,1
38,0
10,1
e,0
e,1
38,0
10,1
e,0
e,1
38,0
5,1
159,0
5,1
5f,0
5,1
5f,0
5,1
5f,0
5,1
5f,0
5,1
5f,0
5,1
5f,0
5,1
5f,0
5,1
5f,0
5,1
5f,0
5,1
5f,0
5,1
5f,0
5,1
2d,0
5,1
2d,0
5,1
2d,0
5,1
2d,0
5,1
2d,0
5,1
5f,0
5,1
5f,0
5,1
5f,0
5,1
5f,0
5,1
5f,0
5,1
5f,0
5,1
5f,0
5,1
5f,0
5,1
5f,0
5,1
5f,0
5,1
5f,0
5,1
159,0
5,1
5f,0
5,1
5f,0
5,1
5f,0
5,1
5f,0
5,1
5f,0
5,1
5f,0
5,1
5f,0
5,1
5f,0
5,1
5f,0
5,1
5f,0
5,1
5f,0
5,1
2d,0
5,1
2d,0
5,1
2d,0
5,1
2d,0
5,1
2d,0
c,1
e,0
e,1
3c,0
c,1
e,0
e,1
3c,0
c,1
e,0
e,1
3c,0
c,1
e,0
e,1
3c,0
c,1
e,0
e,1
6ce,0
