100 90 32
2c6,0
3d,1
27,0
1
3b,0
1
27,0
1
3b,0
1
27,0
1
3b,0
1
27,0
1
3b,0
1
27,0
1
3b,0
1
27,0
1
3b,0
1
27,0
1
3b,0
1
27,0
1
3b,0
1
27,0
1
3b,0
1
27,0
1
3b,0
1
27,0
1
3b,0
1
27,0
1
3b,0
1
27,0
1
3b,0
1
27,0
1
3b,0
1
27,0
1
3b,0
1
27,0
1
3b,0
1
27,0
1
3b,0
1
27,0
1
3b,0
1
27,0
1
3b,0
1
27,0
1
3b,0
1
27,0
1
3b,0
1
27,0
1
3b,0
1
27,0
1
3b,0
1
27,0
1
3b,0
1
27,0
1
3b,0
1
27,0
1
3b,0
1
27,0
1
3b,0
1
27,0
1
3b,0
1
27,0
1
3b,0
1
27,0
1
3b,0
1
27,0
1
3b,0
1
27,0
1
3b,0
1
27,0
1
3b,0
1
27,0
3d,1
12dd,0
